# CRT gamma by c0d3h4x0r

    0
    0
    0
    0
    0
    0
    0
    1
    1
    1
    1
    2
    2
    2
    3
    3
    4
    4
    4
    5
    5
    6
    6
    6
    7
    7
    10
    10
    11
    12
    12
    13
    13
    14
    15
    15
    16
    17
    17
    18
    19
    19
    20
    21
    21
    22
    23
    23
    24
    25
    26
    31
    32
    33
    33
    34
    35
    36
    37
    38
    38
    39
    40
    41
    42
    43
    43
    44
    45
    46
    47
    48
    49
    50
    51
    51
    52
    60
    61
    62
    63
    64
    65
    66
    67
    68
    69
    70
    71
    72
    73
    74
    75
    76
    76
    77
    78
    79
    80
    81
    82
    83
    93
    94
    95
    96
    97
    98
    99
    100
    101
    102
    103
    104
    105
    115
    116
    117
    118
    119
    120
    121
    122
    123
    124
    125
    126
    127
    137
    138
    139
    140
    140
    141
    142
    143
    144
    145
    146
    147
    148
    149
    150
    151
    152
    153
    154
    155
    156
    157
    158
    159
    160
    169
    170
    171
    172
    172
    173
    174
    175
    176
    177
    178
    179
    180
    180
    181
    182
    183
    184
    185
    186
    186
    187
    188
    189
    190
    191
    199
    199
    200
    201
    202
    202
    203
    204
    205
    206
    206
    207
    208
    209
    209
    210
    211
    212
    212
    213
    214
    215
    215
    216
    217
    223
    223
    224
    225
    225
    226
    226
    227
    228
    228
    229
    230
    230
    231
    232
    232
    233
    234
    234
    235
    235
    236
    237
    237
    238
    239
    242
    242
    243
    243
    244
    244
    245
    245
    246
    246
    247
    247
    248
    248
    249
    249
    250
    250
    251
    251
    252
    252
    253
    253
    254
    255
