# Out = 255 * ((in/255) ^ 1.55)

     0
     0
     0
     0
     0
     1
     1
     1
     1
     1
     2
     2
     2
     3
     3
     3
     3
     4
     4
     5
     5
     5
     6
     6
     7
     7
     7
     8
     8
     9
     9
    10
    10
    11
    11
    12
    12
    13
    13
    14
    14
    15
    16
    16
    17
    17
    18
    19
    19
    20
    20
    21
    22
    22
    23
    24
    24
    25
    26
    26
    27
    28
    28
    29
    30
    31
    31
    32
    33
    34
    34
    35
    36
    37
    37
    38
    39
    40
    41
    41
    42
    43
    44
    45
    46
    46
    47
    48
    49
    50
    51
    52
    53
    53
    54
    55
    56
    57
    58
    59
    60
    61
    62
    63
    64
    64
    65
    66
    67
    68
    69
    70
    71
    72
    73
    74
    75
    76
    77
    78
    79
    80
    81
    82
    83
    84
    86
    87
    88
    89
    90
    91
    92
    93
    94
    95
    96
    97
    98
   100
   101
   102
   103
   104
   105
   106
   107
   109
   110
   111
   112
   113
   114
   116
   117
   118
   119
   120
   121
   123
   124
   125
   126
   127
   129
   130
   131
   132
   134
   135
   136
   137
   139
   140
   141
   142
   144
   145
   146
   147
   149
   150
   151
   152
   154
   155
   156
   158
   159
   160
   162
   163
   164
   166
   167
   168
   170
   171
   172
   174
   175
   176
   178
   179
   180
   182
   183
   185
   186
   187
   189
   190
   192
   193
   194
   196
   197
   199
   200
   201
   203
   204
   206
   207
   209
   210
   211
   213
   214
   216
   217
   219
   220
   222
   223
   225
   226
   228
   229
   231
   232
   234
   235
   237
   238
   240
   241
   243
   244
   246
   247
   249
   250
   252
   253
   255