# Out = 255 * ((in/255) ^ 1.75)

     0
     0
     0
     0
     0
     0
     0
     0
     1
     1
     1
     1
     1
     1
     2
     2
     2
     2
     2
     3
     3
     3
     4
     4
     4
     4
     5
     5
     5
     6
     6
     6
     7
     7
     8
     8
     8
     9
     9
    10
    10
    10
    11
    11
    12
    12
    13
    13
    14
    14
    15
    15
    16
    16
    17
    17
    18
    19
    19
    20
    20
    21
    21
    22
    23
    23
    24
    25
    25
    26
    27
    27
    28
    29
    29
    30
    31
    31
    32
    33
    34
    34
    35
    36
    37
    37
    38
    39
    40
    40
    41
    42
    43
    44
    44
    45
    46
    47
    48
    49
    50
    50
    51
    52
    53
    54
    55
    56
    57
    58
    59
    59
    60
    61
    62
    63
    64
    65
    66
    67
    68
    69
    70
    71
    72
    73
    74
    75
    76
    77
    78
    79
    81
    82
    83
    84
    85
    86
    87
    88
    89
    90
    92
    93
    94
    95
    96
    97
    98
   100
   101
   102
   103
   104
   106
   107
   108
   109
   110
   112
   113
   114
   115
   117
   118
   119
   120
   122
   123
   124
   125
   127
   128
   129
   131
   132
   133
   135
   136
   137
   139
   140
   141
   143
   144
   145
   147
   148
   150
   151
   152
   154
   155
   157
   158
   159
   161
   162
   164
   165
   167
   168
   170
   171
   173
   174
   176
   177
   179
   180
   182
   183
   185
   186
   188
   189
   191
   192
   194
   195
   197
   199
   200
   202
   203
   205
   206
   208
   210
   211
   213
   214
   216
   218
   219
   221
   223
   224
   226
   228
   229
   231
   233
   234
   236
   238
   239
   241
   243
   245
   246
   248
   250
   252
   253
   255