# Out = 255 * ((in/255) ^ 1.35)

0
0
0
1
1
1
2
2
2
3
3
4
4
5
5
6
6
7
7
8
8
9
9
10
10
11
12
12
13
14
14
15
15
16
17
17
18
19
20
20
21
22
22
23
24
25
25
26
27
28
28
29
30
31
31
32
33
34
35
35
36
37
38
39
39
40
41
42
43
44
45
45
46
47
48
49
50
51
52
52
53
54
55
56
57
58
59
60
61
62
63
63
64
65
66
67
68
69
70
71
72
73
74
75
76
77
78
79
80
81
82
83
84
85
86
87
88
89
90
91
92
93
94
95
96
97
98
100
101
102
103
104
105
106
107
108
109
110
111
112
113
115
116
117
118
119
120
121
122
123
125
126
127
128
129
130
131
132
134
135
136
137
138
139
141
142
143
144
145
146
148
149
150
151
152
153
155
156
157
158
159
161
162
163
164
165
167
168
169
170
171
173
174
175
176
178
179
180
181
182
184
185
186
187
189
190
191
192
194
195
196
197
199
200
201
203
204
205
206
208
209
210
211
213
214
215
217
218
219
221
222
223
224
226
227
228
230
231
232
234
235
236
238
239
240
242
243
244
246
247
248
250
251
252
254
255