# Out = 255 * ((in/255) ^ 1.9)

     0
     0
     0
     0
     0
     0
     0
     0
     0
     0
     1
     1
     1
     1
     1
     1
     1
     1
     2
     2
     2
     2
     2
     3
     3
     3
     3
     4
     4
     4
     4
     5
     5
     5
     6
     6
     6
     7
     7
     7
     8
     8
     8
     9
     9
     9
    10
    10
    11
    11
    12
    12
    12
    13
    13
    14
    14
    15
    15
    16
    16
    17
    17
    18
    18
    19
    20
    20
    21
    21
    22
    22
    23
    24
    24
    25
    26
    26
    27
    28
    28
    29
    30
    30
    31
    32
    32
    33
    34
    35
    35
    36
    37
    38
    38
    39
    40
    41
    41
    42
    43
    44
    45
    46
    46
    47
    48
    49
    50
    51
    52
    53
    53
    54
    55
    56
    57
    58
    59
    60
    61
    62
    63
    64
    65
    66
    67
    68
    69
    70
    71
    72
    73
    74
    75
    76
    77
    78
    79
    81
    82
    83
    84
    85
    86
    87
    88
    90
    91
    92
    93
    94
    95
    97
    98
    99
   100
   101
   103
   104
   105
   106
   108
   109
   110
   112
   113
   114
   115
   117
   118
   119
   121
   122
   123
   125
   126
   127
   129
   130
   132
   133
   134
   136
   137
   139
   140
   141
   143
   144
   146
   147
   149
   150
   152
   153
   155
   156
   158
   159
   161
   162
   164
   165
   167
   168
   170
   172
   173
   175
   176
   178
   180
   181
   183
   184
   186
   188
   189
   191
   193
   194
   196
   198
   199
   201
   203
   204
   206
   208
   210
   211
   213
   215
   217
   218
   220
   222
   224
   225
   227
   229
   231
   233
   235
   236
   238
   240
   242
   244
   246
   247
   249
   251
   253
   255