# Out = 255 * ((in/255) ^ 1.65)

     0
     0
     0
     0
     0
     0
     1
     1
     1
     1
     1
     1
     2
     2
     2
     2
     3
     3
     3
     4
     4
     4
     4
     5
     5
     6
     6
     6
     7
     7
     7
     8
     8
     9
     9
    10
    10
    11
    11
    12
    12
    12
    13
    14
    14
    15
    15
    16
    16
    17
    17
    18
    18
    19
    20
    20
    21
    22
    22
    23
    23
    24
    25
    25
    26
    27
    27
    28
    29
    30
    30
    31
    32
    32
    33
    34
    35
    35
    36
    37
    38
    38
    39
    40
    41
    42
    42
    43
    44
    45
    46
    47
    47
    48
    49
    50
    51
    52
    53
    54
    54
    55
    56
    57
    58
    59
    60
    61
    62
    63
    64
    65
    66
    67
    68
    69
    70
    71
    72
    73
    74
    75
    76
    77
    78
    79
    80
    81
    82
    83
    84
    85
    86
    87
    88
    89
    90
    91
    93
    94
    95
    96
    97
    98
    99
   100
   102
   103
   104
   105
   106
   107
   109
   110
   111
   112
   113
   115
   116
   117
   118
   119
   121
   122
   123
   124
   126
   127
   128
   129
   131
   132
   133
   134
   136
   137
   138
   140
   141
   142
   144
   145
   146
   148
   149
   150
   152
   153
   154
   156
   157
   158
   160
   161
   162
   164
   165
   167
   168
   169
   171
   172
   174
   175
   176
   178
   179
   181
   182
   184
   185
   187
   188
   189
   191
   192
   194
   195
   197
   198
   200
   201
   203
   204
   206
   207
   209
   210
   212
   214
   215
   217
   218
   220
   221
   223
   224
   226
   228
   229
   231
   232
   234
   236
   237
   239
   240
   242
   244
   245
   247
   248
   250
   252
   253
   255