# Out = 255 * ((in/255) ^ 1.45)

     0
     0
     0
     0
     1
     1
     1
     1
     2
     2
     2
     3
     3
     3
     4
     4
     5
     5
     5
     6
     6
     7
     7
     8
     8
     9
     9
    10
    10
    11
    11
    12
    13
    13
    14
    14
    15
    16
    16
    17
    17
    18
    19
    19
    20
    21
    21
    22
    23
    23
    24
    25
    25
    26
    27
    28
    28
    29
    30
    31
    31
    32
    33
    34
    34
    35
    36
    37
    38
    38
    39
    40
    41
    42
    42
    43
    44
    45
    46
    47
    47
    48
    49
    50
    51
    52
    53
    54
    55
    55
    56
    57
    58
    59
    60
    61
    62
    63
    64
    65
    66
    67
    68
    68
    69
    70
    71
    72
    73
    74
    75
    76
    77
    78
    79
    80
    81
    82
    83
    84
    85
    87
    88
    89
    90
    91
    92
    93
    94
    95
    96
    97
    98
    99
   100
   101
   102
   104
   105
   106
   107
   108
   109
   110
   111
   112
   114
   115
   116
   117
   118
   119
   120
   122
   123
   124
   125
   126
   127
   129
   130
   131
   132
   133
   134
   136
   137
   138
   139
   140
   142
   143
   144
   145
   147
   148
   149
   150
   151
   153
   154
   155
   156
   158
   159
   160
   161
   163
   164
   165
   166
   168
   169
   170
   172
   173
   174
   175
   177
   178
   179
   181
   182
   183
   185
   186
   187
   188
   190
   191
   192
   194
   195
   196
   198
   199
   200
   202
   203
   205
   206
   207
   209
   210
   211
   213
   214
   215
   217
   218
   220
   221
   222
   224
   225
   227
   228
   229
   231
   232
   234
   235
   236
   238
   239
   241
   242
   243
   245
   246
   248
   249
   251
   252
   254
   255