# Out = 255 * ((in/255) ^ 1.7)

     0
     0
     0
     0
     0
     0
     0
     1
     1
     1
     1
     1
     1
     2
     2
     2
     2
     3
     3
     3
     3
     4
     4
     4
     5
     5
     5
     6
     6
     6
     7
     7
     7
     8
     8
     9
     9
    10
    10
    10
    11
    11
    12
    12
    13
    13
    14
    14
    15
    15
    16
    17
    17
    18
    18
    19
    19
    20
    21
    21
    22
    22
    23
    24
    24
    25
    26
    26
    27
    28
    28
    29
    30
    30
    31
    32
    33
    33
    34
    35
    36
    36
    37
    38
    39
    39
    40
    41
    42
    43
    43
    44
    45
    46
    47
    48
    48
    49
    50
    51
    52
    53
    54
    55
    56
    56
    57
    58
    59
    60
    61
    62
    63
    64
    65
    66
    67
    68
    69
    70
    71
    72
    73
    74
    75
    76
    77
    78
    79
    80
    81
    82
    83
    84
    85
    86
    88
    89
    90
    91
    92
    93
    94
    95
    97
    98
    99
   100
   101
   102
   103
   105
   106
   107
   108
   109
   111
   112
   113
   114
   115
   117
   118
   119
   120
   122
   123
   124
   125
   127
   128
   129
   131
   132
   133
   134
   136
   137
   138
   140
   141
   142
   144
   145
   146
   148
   149
   151
   152
   153
   155
   156
   157
   159
   160
   162
   163
   164
   166
   167
   169
   170
   172
   173
   174
   176
   177
   179
   180
   182
   183
   185
   186
   188
   189
   191
   192
   194
   195
   197
   198
   200
   201
   203
   205
   206
   208
   209
   211
   212
   214
   216
   217
   219
   220
   222
   224
   225
   227
   228
   230
   232
   233
   235
   237
   238
   240
   242
   243
   245
   247
   248
   250
   252
   253
   255