# Out = 255 * ((in/255) ^ 1.4)

0
0
0
1
1
1
1
2
2
2
3
3
4
4
4
5
5
6
6
7
7
8
8
9
9
10
10
11
12
12
13
13
14
15
15
16
16
17
18
18
19
20
20
21
22
22
23
24
25
25
26
27
28
28
29
30
31
31
32
33
34
34
35
36
37
38
38
39
40
41
42
43
43
44
45
46
47
48
49
49
50
51
52
53
54
55
56
57
57
58
59
60
61
62
63
64
65
66
67
68
69
70
71
72
73
74
75
76
77
78
79
80
81
82
83
84
85
86
87
88
89
90
91
92
93
94
95
96
97
98
99
100
101
103
104
105
106
107
108
109
110
111
112
113
115
116
117
118
119
120
121
122
124
125
126
127
128
129
130
132
133
134
135
136
137
139
140
141
142
143
145
146
147
148
149
151
152
153
154
155
157
158
159
160
161
163
164
165
166
168
169
170
171
173
174
175
176
178
179
180
181
183
184
185
187
188
189
190
192
193
194
196
197
198
200
201
202
203
205
206
207
209
210
211
213
214
215
217
218
219
221
222
223
225
226
227
229
230
232
233
234
236
237
238
240
241
242
244
245
247
248
249
251
252
254
255