# Out = 255 * ((in/255) ^ 1.85)

     0
     0
     0
     0
     0
     0
     0
     0
     0
     1
     1
     1
     1
     1
     1
     1
     2
     2
     2
     2
     2
     3
     3
     3
     3
     3
     4
     4
     4
     5
     5
     5
     5
     6
     6
     6
     7
     7
     8
     8
     8
     9
     9
     9
    10
    10
    11
    11
    12
    12
    13
    13
    13
    14
    14
    15
    15
    16
    16
    17
    18
    18
    19
    19
    20
    20
    21
    22
    22
    23
    23
    24
    25
    25
    26
    27
    27
    28
    28
    29
    30
    31
    31
    32
    33
    33
    34
    35
    36
    36
    37
    38
    39
    39
    40
    41
    42
    43
    43
    44
    45
    46
    47
    48
    49
    49
    50
    51
    52
    53
    54
    55
    56
    57
    58
    58
    59
    60
    61
    62
    63
    64
    65
    66
    67
    68
    69
    70
    71
    72
    73
    74
    75
    76
    78
    79
    80
    81
    82
    83
    84
    85
    86
    87
    89
    90
    91
    92
    93
    94
    96
    97
    98
    99
   100
   102
   103
   104
   105
   106
   108
   109
   110
   111
   113
   114
   115
   117
   118
   119
   120
   122
   123
   124
   126
   127
   128
   130
   131
   133
   134
   135
   137
   138
   139
   141
   142
   144
   145
   147
   148
   149
   151
   152
   154
   155
   157
   158
   160
   161
   163
   164
   166
   167
   169
   170
   172
   173
   175
   176
   178
   180
   181
   183
   184
   186
   188
   189
   191
   192
   194
   196
   197
   199
   201
   202
   204
   206
   207
   209
   211
   212
   214
   216
   218
   219
   221
   223
   224
   226
   228
   230
   231
   233
   235
   237
   239
   240
   242
   244
   246
   248
   249
   251
   253
   255