# Out = 255 * ((in/255) ^ 1.95)

     0
     0
     0
     0
     0
     0
     0
     0
     0
     0
     0
     1
     1
     1
     1
     1
     1
     1
     1
     2
     2
     2
     2
     2
     3
     3
     3
     3
     3
     4
     4
     4
     4
     5
     5
     5
     6
     6
     6
     7
     7
     7
     8
     8
     8
     9
     9
     9
    10
    10
    11
    11
    11
    12
    12
    13
    13
    14
    14
    15
    15
    16
    16
    17
    17
    18
    18
    19
    19
    20
    20
    21
    22
    22
    23
    23
    24
    25
    25
    26
    27
    27
    28
    29
    29
    30
    31
    31
    32
    33
    33
    34
    35
    36
    36
    37
    38
    39
    40
    40
    41
    42
    43
    44
    44
    45
    46
    47
    48
    49
    49
    50
    51
    52
    53
    54
    55
    56
    57
    58
    59
    60
    61
    62
    63
    63
    64
    65
    67
    68
    69
    70
    71
    72
    73
    74
    75
    76
    77
    78
    79
    80
    81
    83
    84
    85
    86
    87
    88
    89
    91
    92
    93
    94
    95
    97
    98
    99
   100
   102
   103
   104
   105
   107
   108
   109
   110
   112
   113
   114
   116
   117
   118
   120
   121
   122
   124
   125
   127
   128
   129
   131
   132
   134
   135
   136
   138
   139
   141
   142
   144
   145
   147
   148
   150
   151
   153
   154
   156
   157
   159
   160
   162
   163
   165
   167
   168
   170
   171
   173
   175
   176
   178
   180
   181
   183
   184
   186
   188
   190
   191
   193
   195
   196
   198
   200
   202
   203
   205
   207
   209
   210
   212
   214
   216
   217
   219
   221
   223
   225
   227
   228
   230
   232
   234
   236
   238
   240
   242
   243
   245
   247
   249
   251
   253
   255