#Contrast_Boost_3.txt
0
0
0
0
0
1
1
1
1
2
2
2
3
3
3
4
4
5
5
6
6
7
7
8
8
9
9
10
11
11
12
13
13
14
15
15
16
17
18
18
19
20
21
22
23
23
24
25
26
27
28
29
30
31
32
33
34
35
36
37
38
39
40
41
42
43
44
45
46
47
49
50
51
52
53
54
55
57
58
59
60
61
63
64
65
66
67
69
70
71
72
74
75
76
77
79
80
81
83
84
85
86
88
89
90
92
93
94
96
97
98
100
101
102
104
105
106
108
109
110
112
113
114
116
117
118
120
121
122
124
125
126
128
129
130
132
133
134
136
137
138
140
141
142
143
145
146
147
149
150
151
153
154
155
156
158
159
160
162
163
164
165
167
168
169
170
172
173
174
175
176
178
179
180
181
182
184
185
186
187
188
189
191
192
193
194
195
196
197
198
199
201
202
203
204
205
206
207
208
209
210
211
212
213
214
215
216
217
218
219
220
221
222
223
224
225
226
227
227
228
229
230
231
232
233
234
234
235
236
237
238
238
239
240
241
242
242
243
244
244
245
246
247
247
248
249
249
250
251
251
252
253
253
254
254
255
