#Contrast_Boost_2.txt
0
0
0
1
1
1
1
2
2
3
3
4
4
5
5
6
6
7
7
8
8
9
10
10
11
12
12
13
14
15
15
16
17
18
19
19
20
21
22
23
24
24
25
26
27
28
29
30
31
32
33
34
35
36
37
38
39
40
41
42
43
44
45
46
47
48
49
50
51
52
53
54
55
57
58
59
60
61
62
63
64
66
67
68
69
70
71
73
74
75
76
77
78
80
81
82
83
84
86
87
88
89
90
92
93
94
95
96
98
99
100
101
103
104
105
106
107
109
110
111
112
114
115
116
117
119
120
121
122
123
125
126
127
128
130
131
132
133
134
136
137
138
139
141
142
143
144
145
147
148
149
150
151
153
154
155
156
157
159
160
161
162
163
164
166
167
168
169
170
171
173
174
175
176
177
178
179
181
182
183
184
185
186
187
188
190
191
192
193
194
195
196
197
198
199
200
201
202
203
205
206
207
208
209
210
211
212
213
214
215
216
217
218
219
220
221
222
223
223
224
225
226
227
228
229
230
231
232
233
234
234
235
236
237
238
239
240
241
241
242
243
244
245
246
246
247
248
249
250
250
251
252
253
253
254
255
