#Contrast_Boost_5.txt
0
0
0
0
0
0
0
0
0
1
1
1
1
1
1
2
2
2
2
3
3
3
4
4
4
5
5
6
6
7
7
8
8
9
9
10
10
11
12
12
13
13
14
15
16
16
17
18
19
20
20
21
22
23
24
25
26
27
28
29
30
31
32
33
34
35
36
37
38
39
40
41
43
44
45
46
47
49
50
51
52
54
55
56
58
59
60
62
63
64
66
67
68
70
71
73
74
76
77
78
80
81
83
84
86
87
89
90
92
93
95
96
98
99
101
102
104
105
107
108
110
112
113
115
116
118
119
121
122
124
125
127
129
130
132
133
135
136
138
139
141
142
144
145
147
148
150
151
153
154
156
157
159
160
162
163
165
166
168
169
170
172
173
175
176
177
179
180
181
183
184
185
187
188
189
191
192
193
195
196
197
198
199
201
202
203
204
205
207
208
209
210
211
212
213
214
215
216
218
219
220
221
222
223
223
224
225
226
227
228
229
230
231
232
232
233
234
235
236
236
237
238
239
239
240
241
241
242
243
243
244
245
245
246
246
247
247
248
248
249
249
250
250
251
251
252
252
252
253
253
253
254
254
254
255
255
