#Contrast_Boost_4.txt
0
0
0
0
0
0
0
1
1
1
1
1
2
2
2
3
3
3
4
4
4
5
5
6
6
7
7
8
8
9
9
10
10
11
12
12
13
14
14
15
16
16
17
18
19
20
20
21
22
23
24
25
26
27
27
28
29
30
31
32
33
34
35
37
38
39
40
41
42
43
44
45
47
48
49
50
51
52
54
55
56
57
59
60
61
62
64
65
66
68
69
70
72
73
74
76
77
78
80
81
83
84
85
87
88
89
91
92
94
95
97
98
99
101
102
104
105
107
108
109
111
112
114
115
117
118
119
121
122
124
125
127
128
130
131
132
134
135
137
138
140
141
142
144
145
147
148
149
151
152
154
155
156
158
159
160
162
163
164
166
167
169
170
171
172
174
175
176
178
179
180
181
183
184
185
186
188
189
190
191
193
194
195
196
197
198
200
201
202
203
204
205
206
207
209
210
211
212
213
214
215
216
217
218
219
220
221
222
223
224
224
225
226
227
228
229
230
231
232
232
233
234
235
236
236
237
238
239
239
240
241
241
242
243
244
244
245
245
246
247
247
248
248
249
250
250
251
251
252
252
253
253
254
254
255
255
